  0.1864452138645955E-03
  0.4339640998623224E-03
  0.6817419741037681E-03
  0.9293826391395720E-03
  0.1176799236258492E-02
  0.1423925934125073E-02
  0.1670700264413718E-02
  0.1917060629919232E-02
  0.2162945777370888E-02
  0.2408294659943530E-02
  0.2653046400793312E-02
  0.2897140288239436E-02
  0.3140515782236539E-02
  0.3383112525421928E-02
  0.3624870356075681E-02
  0.3865729321998609E-02
  0.4105629694793240E-02
  0.4344511984337545E-02
  0.4582316953337939E-02
  0.4818985631894315E-02
  0.5054459332045167E-02
  0.5288679662262956E-02
  0.5521588541910314E-02
  0.5753128215612867E-02
  0.5983241267560973E-02
  0.6211870635745294E-02
  0.6438959626096156E-02
  0.6664451926527878E-02
  0.6888291620914396E-02
  0.7110423202931846E-02
  0.7330791589839862E-02
  0.7549342136124727E-02
  0.7766020647057780E-02
  0.7980773392126040E-02
  0.8193547118361299E-02
  0.8404289063537185E-02
  0.8612946969264785E-02
  0.8819469093936392E-02
  0.9023804225564123E-02
  0.9225901694480938E-02
  0.9425711385894301E-02
  0.9623183752330771E-02
  0.9818269825901714E-02
  0.1001092123045907E-01
  0.1020109019359323E-01
  0.1038872955846683E-01
  0.1057379279552255E-01
  0.1075623401400946E-01
  0.1093600797336810E-01
  0.1111307009445450E-01
  0.1128737647057852E-01
  0.1145888387840835E-01
  0.1162754978868125E-01
  0.1179333237674690E-01
  0.1195619053294655E-01
  0.1211608387279720E-01
  0.1227297274701713E-01
  0.1242681825134771E-01
  0.1257758223620938E-01
  0.1272522731614877E-01
  0.1286971687913048E-01
  0.1301101509559221E-01
  0.1314908692734329E-01
  0.1328389813625562E-01
  0.1341541529274175E-01
  0.1354360578405515E-01
  0.1366843782237409E-01
  0.1378988045267888E-01
  0.1390790356044108E-01
  0.1402247787907227E-01
  0.1413357499720194E-01
  0.1424116736570473E-01
  0.1434522830454468E-01
  0.1444573200937967E-01
  0.1454265355797978E-01
  0.1463596891637865E-01
  0.1472565494485912E-01
  0.1481168940367721E-01
  0.1489405095858261E-01
  0.1497271918610584E-01
  0.1504767457862427E-01
  0.1511889854920076E-01
  0.1518637343618945E-01
  0.1525008250761816E-01
  0.1531000996533645E-01
  0.1536614094893307E-01
  0.1541846153942011E-01
  0.1546695876268817E-01
  0.1551162059271828E-01
  0.1555243595456893E-01
  0.1558939472711880E-01
  0.1562248774557622E-01
  0.1565170680375793E-01
  0.1567704465611467E-01
  0.1569849501953543E-01
  0.1571605257490167E-01
  0.1572971296841049E-01
  0.1573947281264663E-01
  0.1574532968742691E-01
  0.1574728214040664E-01
  0.1574532968742729E-01
  0.1573947281264475E-01
  0.1572971296841041E-01
  0.1571605257490252E-01
  0.1569849501953644E-01
  0.1567704465611436E-01
  0.1565170680375775E-01
  0.1562248774557662E-01
  0.1558939472711829E-01
  0.1555243595457007E-01
  0.1551162059271858E-01
  0.1546695876268855E-01
  0.1541846153942047E-01
  0.1536614094893294E-01
  0.1531000996533649E-01
  0.1525008250761818E-01
  0.1518637343618934E-01
  0.1511889854920020E-01
  0.1504767457862429E-01
  0.1497271918610493E-01
  0.1489405095858194E-01
  0.1481168940367712E-01
  0.1472565494485821E-01
  0.1463596891637821E-01
  0.1454265355797952E-01
  0.1444573200938081E-01
  0.1434522830454212E-01
  0.1424116736570414E-01
  0.1413357499720170E-01
  0.1402247787907271E-01
  0.1390790356044011E-01
  0.1378988045267883E-01
  0.1366843782237345E-01
  0.1354360578405711E-01
  0.1341541529274161E-01
  0.1328389813625411E-01
  0.1314908692734400E-01
  0.1301101509559213E-01
  0.1286971687912960E-01
  0.1272522731614943E-01
  0.1257758223620868E-01
  0.1242681825134749E-01
  0.1227297274701733E-01
  0.1211608387279700E-01
  0.1195619053294628E-01
  0.1179333237674755E-01
  0.1162754978868152E-01
  0.1145888387840853E-01
  0.1128737647057824E-01
  0.1111307009445483E-01
  0.1093600797337019E-01
  0.1075623401401054E-01
  0.1057379279552265E-01
  0.1038872955846662E-01
  0.1020109019359197E-01
  0.1001092123045902E-01
  0.9818269825900032E-02
  0.9623183752330544E-02
  0.9425711385895640E-02
  0.9225901694479486E-02
  0.9023804225564444E-02
  0.8819469093935706E-02
  0.8612946969263648E-02
  0.8404289063537853E-02
  0.8193547118360168E-02
  0.7980773392125705E-02
  0.7766020647057095E-02
  0.7549342136125295E-02
  0.7330791589838825E-02
  0.7110423202931704E-02
  0.6888291620913640E-02
  0.6664451926528350E-02
  0.6438959626096240E-02
  0.6211870635746512E-02
  0.5983241267561452E-02
  0.5753128215611791E-02
  0.5521588541911347E-02
  0.5288679662262855E-02
  0.5054459332043666E-02
  0.4818985631894120E-02
  0.4582316953338046E-02
  0.4344511984337386E-02
  0.4105629694793240E-02
  0.3865729321998848E-02
  0.3624870356076087E-02
  0.3383112525421527E-02
  0.3140515782237971E-02
  0.2897140288239633E-02
  0.2653046400794445E-02
  0.2408294659941979E-02
  0.2162945777372062E-02
  0.1917060629919102E-02
  0.1670700264412927E-02
  0.1423925934125147E-02
  0.1176799236260375E-02
  0.9293826391378316E-03
  0.6817419741032370E-03
  0.4339640998629425E-03
  0.1864452138646954E-03
