 -0.9999273483982207    
 -0.9996172228249905    
 -0.9990593638399698    
 -0.9982537858359050    
 -0.9972006733915032    
 -0.9959002840241356    
 -0.9943529389871613    
 -0.9925590214870189    
 -0.9905189761355304    
 -0.9882333086890909    
 -0.9857025858647066    
 -0.9829274351738732    
 -0.9799085447547390    
 -0.9766466631951769    
 -0.9731425993437332    
 -0.9693972221070885    
 -0.9654114602334251    
 -0.9611863020813947    
 -0.9567227953745694    
 -0.9520220469413331    
 -0.9470852224402092    
 -0.9419135460706748    
 -0.9365083002694879    
 -0.9308708253926088    
 -0.9250025193827787    
 -0.9189048374228298    
 -0.9125792915748105    
 -0.9060274504050102    
 -0.8992509385949886    
 -0.8922514365386781    
 -0.8850306799256862    
 -0.8775904593108816    
 -0.8699326196703792    
 -0.8620590599440278    
 -0.8539717325645237    
 -0.8456726429732568    
 -0.8371638491230076    
 -0.8284474609676313    
 -0.8195256399388432    
 -0.8104005984102387    
 -0.8010745991486858    
 -0.7915499547532145    
 -0.7818290270815540    
 -0.7719142266644579    
 -0.7618080121079502    
 -0.7515128894836619    
 -0.7410314117073874    
 -0.7303661779060314    
 -0.7195198327730937    
 -0.7084950659128569    
 -0.6972946111734333    
 -0.6859212459688435    
 -0.6743777905902972    
 -0.6626671075068282    
 -0.6507921006554832    
 -0.6387557147212213    
 -0.6265609344067110    
 -0.6142107836922024    
 -0.6017083250856625    
 -0.5890566588633520    
 -0.5762589223010446    
 -0.5633182888960575    
 -0.5502379675803207    
 -0.5370212019246348    
 -0.5236712693343607    
 -0.5101914802367084    
 -0.4965851772598356    
 -0.4828557344039704    
 -0.4690065562047471    
 -0.4550410768889685    
 -0.4409627595230162    
 -0.4267750951540968    
 -0.4124816019445581    
 -0.3980858242994781    
 -0.3835913319877465    
 -0.3690017192568565    
 -0.3543206039416295    
 -0.3395516265670876    
 -0.3246984494456999    
 -0.3097647557692265    
 -0.2947542486953866    
 -0.2796706504295730    
 -0.2645177013018443    
 -0.2492991588394236    
 -0.2340187968349313    
 -0.2186804044105859    
 -0.2032877850786018    
 -0.1878447557980201    
 -0.1723551460282055    
 -0.1568227967792407    
 -0.1412515596594599    
 -0.1256452959203518    
 -0.1100078754990728    
 -0.9434317605880511E-01
 -0.7865508202720015E-01
 -0.6294748363314430E-01
 -0.4722427594208585E-01
 -0.3148935789016163E-01
 -0.1574663131736700E-01
  0.5720543433806098E-16
  0.1574663131736732E-01
  0.3148935789016210E-01
  0.4722427594208672E-01
  0.6294748363314513E-01
  0.7865508202720037E-01
  0.9434317605880545E-01
  0.1100078754990732    
  0.1256452959203523    
  0.1412515596594605    
  0.1568227967792410    
  0.1723551460282060    
  0.1878447557980208    
  0.2032877850786022    
  0.2186804044105862    
  0.2340187968349319    
  0.2492991588394247    
  0.2645177013018452    
  0.2796706504295736    
  0.2947542486953869    
  0.3097647557692266    
  0.3246984494456999    
  0.3395516265670881    
  0.3543206039416296    
  0.3690017192568564    
  0.3835913319877466    
  0.3980858242994783    
  0.4124816019445585    
  0.4267750951540972    
  0.4409627595230164    
  0.4550410768889686    
  0.4690065562047468    
  0.4828557344039709    
  0.4965851772598359    
  0.5101914802367084    
  0.5236712693343608    
  0.5370212019246345    
  0.5502379675803205    
  0.5633182888960575    
  0.5762589223010440    
  0.5890566588633530    
  0.6017083250856619    
  0.6142107836922028    
  0.6265609344067111    
  0.6387557147212219    
  0.6507921006554835    
  0.6626671075068283    
  0.6743777905902975    
  0.6859212459688436    
  0.6972946111734327    
  0.7084950659128570    
  0.7195198327730942    
  0.7303661779060314    
  0.7410314117073882    
  0.7515128894836625    
  0.7618080121079509    
  0.7719142266644576    
  0.7818290270815542    
  0.7915499547532142    
  0.8010745991486861    
  0.8104005984102386    
  0.8195256399388432    
  0.8284474609676311    
  0.8371638491230079    
  0.8456726429732573    
  0.8539717325645243    
  0.8620590599440273    
  0.8699326196703785    
  0.8775904593108819    
  0.8850306799256858    
  0.8922514365386779    
  0.8992509385949881    
  0.9060274504050102    
  0.9125792915748099    
  0.9189048374228300    
  0.9250025193827787    
  0.9308708253926082    
  0.9365083002694873    
  0.9419135460706747    
  0.9470852224402090    
  0.9520220469413325    
  0.9567227953745691    
  0.9611863020813947    
  0.9654114602334248    
  0.9693972221070883    
  0.9731425993437324    
  0.9766466631951767    
  0.9799085447547380    
  0.9829274351738726    
  0.9857025858647060    
  0.9882333086890902    
  0.9905189761355297    
  0.9925590214870190    
  0.9943529389871606    
  0.9959002840241351    
  0.9972006733915026    
  0.9982537858359047    
  0.9990593638399693    
  0.9996172228249899    
  0.9999273483982202    
